35
20, 29, -2, 0, 0, 0, 3, 2, 1, 0, 25, 0
75
0, 0, 0, 0, 0, 4, 5, 3, 0, 0, 3, 0
76
0, 0, 0, 0, 0, 11, 10, 0, 0, 5, 0, 0
88
0, 0, 0, 0, 0, 1, 1, 1, 0, 0, 0, 0
426
0, 0, 0, 0, 0, 0, 0, 0, 0, 0, 0, 3
428
0, 0, 0, 0, 0, 0, 0, 0, 0, 0, 0, 3
538
0, 0, 0, 0, 0, 0, 0, 0, 0, 0, 0, 4
540
0, 0, 0, 0, 0, 0, 0, 0, 0, 0, 0, 4
542
0, 0, 0, 0, 0, 0, 0, 0, 0, 0, 0, 5
544
0, 0, 0, 0, 0, 0, 0, 0, 0, 0, 0, 6
546
0, 0, 0, 0, 0, 0, 0, 0, 0, 0, 0, 5
548
0, 0, 0, 0, 0, 0, 0, 0, 0, 0, 0, 4
577
0, 0, 0, 3, 0, 0, 0, 0, 3, 0, 0, 0
579
0, 0, 0, 2, 0, 0, 0, 0, 2, 0, 0, 0
581
0, 0, 0, 3, 0, 0, 0, 0, 3, 0, 0, 0
589
0, 0, 0, 0, 0, 13, 13, 13, 0, 0, 0, 0
626
0, 0, 0, 0, 0, 0, 1, 1, 0, 0, 0, 0
628
0, 0, 0, 0, 0, 0, 1, 1, 0, 0, 0, 0
630
0, 0, 0, 0, 0, 0, 1, 1, 0, 0, 0, 0
632
0, 0, 0, 0, 0, 0, 1, 1, 0, 0, 0, 0
634
0, 0, 0, 0, 0, 0, 1, 1, 0, 0, 0, 0
636
0, 0, 0, 0, 0, 0, 2, 2, 0, 0, 0, 0
638
0, 0, 0, 0, 0, 0, 2, 2, 0, 0, 0, 0
640
0, 0, 0, 0, 0, 0, 2, 2, 0, 0, 0, 0
642
0, 0, 0, 0, 0, 0, 2, 2, 0, 0, 0, 0
644
0, 0, 0, 0, 0, 0, 2, 2, 0, 0, 0, 0
656
0, 0, 0, 3, 0, 0, 0, 0, 3, 0, 0, 0
658
0, 0, 0, 3, 0, 0, 0, 0, 3, 0, 0, 0
660
0, 0, 0, 3, 0, 0, 0, 0, 3, 0, 0, 0
662
0, 0, 0, 3, 0, 0, 0, 0, 3, 0, 0, 0
664
0, 0, 0, 3, 0, 0, 0, 0, 3, 0, 0, 0
667
9, 14, -2, 0, 0, 0, 3, 2, 0, 0, 10, 0
746
5, 3, -4, 1, 0, 0, 0, 0, 0, 0, 0, 0
747
5, 3, -4, 1, 0, 0, 0, 0, 0, 0, 0, 0
767
0, 0, 0, 0, 6, 0, 0, 0, 0, 0, 0, 0
772
-1, -1, 10, 10, 0, 2, 3, 1, 10, 0, 0, 0
775
2, 2, 2, 0, 0, 8, 9, 0, 0, 0, 2, 0
776
2, 2, 2, 0, 0, 8, 9, 0, 0, 0, 2, 0
777
2, 2, 2, 0, 0, 8, 9, 0, 0, 0, 2, 0
778
2, 2, 2, 0, 0, 8, 9, 0, 0, 0, 2, 0
800
0, 0, 0, 0, 4, 0, 0, 0, 0, 0, 0, 0
801
0, 0, 0, 0, 5, 0, 0, 0, 0, 0, 0, 0
802
0, 0, 0, 0, 8, 0, 0, 0, 0, 0, 0, 0
803
0, 0, 0, 0, 12, 0, 0, 0, 0, 0, 0, 0
804
0, 0, 0, 0, 17, 0, 0, 0, 0, 0, 0, 0
805
0, 0, 0, 0, 26, 0, 0, 0, 0, 0, 0, 0
806
0, 0, 0, 0, 3, 0, 0, 0, 0, 0, 0, 0
807
0, 0, 0, 0, 4, 0, 0, 0, 0, 0, 0, 0
808
0, 0, 0, 0, 5, 0, 0, 0, 0, 0, 0, 0
809
0, 0, 0, 0, 8, 0, 0, 0, 0, 0, 0, 0
810
0, 0, 0, 0, 11, 0, 0, 0, 0, 0, 0, 0
811
0, 0, 0, 0, 15, 0, 0, 0, 0, 0, 0, 0
812
0, 0, 0, 0, 3, 0, 0, 0, 0, 0, 0, 0
813
0, 0, 0, 0, 4, 0, 0, 0, 0, 0, 0, 0
814
0, 0, 0, 0, 5, 0, 0, 0, 0, 0, 0, 0
815
0, 0, 0, 0, 8, 0, 0, 0, 0, 0, 0, 0
816
0, 0, 0, 0, 11, 0, 0, 0, 0, 0, 0, 0
817
0, 0, 0, 0, 15, 0, 0, 0, 0, 0, 0, 0
818
0, 0, 0, 0, 7, 0, 0, 0, 0, 0, 0, 0
825
0, 0, 0, 0, 5, 0, 0, 0, 0, 0, 0, 0
826
0, 0, 0, 0, 8, 0, 0, 0, 0, 0, 0, 0
827
0, 0, 0, 0, 12, 0, 0, 0, 0, 0, 0, 0
828
0, 0, 0, 0, 17, 0, 0, 0, 0, 0, 0, 0
829
0, 0, 0, 0, 24, 0, 0, 0, 0, 0, 0, 0
830
0, 0, 0, 0, 38, 0, 0, 0, 0, 0, 0, 0
831
0, 0, 0, 0, 5, 0, 0, 0, 0, 0, 0, 0
832
0, 0, 0, 0, 8, 0, 0, 0, 0, 0, 0, 0
833
0, 0, 0, 0, 12, 0, 0, 0, 0, 0, 0, 0
834
0, 0, 0, 0, 17, 0, 0, 0, 0, 0, 0, 0
835
0, 0, 0, 0, 24, 0, 0, 0, 0, 0, 0, 0
836
0, 0, 0, 0, 38, 0, 0, 0, 0, 0, 0, 0
837
0, 0, 0, 0, 6, 0, 0, 0, 0, 0, 0, 0
839
0, 0, 0, 0, 8, 0, 0, 0, 0, 0, 0, 0
841
0, 0, 0, 0, 8, 0, 0, 0, 0, 0, 0, 0
843
0, 0, 0, 0, 14, 0, 0, 0, 0, 0, 0, 0
845
0, 0, 0, 0, 14, 0, 0, 0, 0, 0, 0, 0
847
0, 0, 0, 0, 20, 0, 0, 0, 0, 0, 0, 0
849
0, 0, 0, 0, 20, 0, 0, 0, 0, 0, 0, 0
851
0, 0, 0, 0, 29, 0, 0, 0, 0, 0, 0, 0
853
0, 0, 0, 0, 29, 0, 0, 0, 0, 0, 0, 0
855
0, 0, 0, 0, 47, 0, 0, 0, 0, 0, 0, 0
856
0, 0, 0, 0, 47, 0, 0, 0, 0, 0, 0, 0
857
0, 0, 0, 0, 47, 0, 0, 0, 0, 0, 0, 0
859
0, 0, 0, 0, 69, 0, 0, 0, 0, 0, 0, 0
861
0, 0, 0, 0, 69, 0, 0, 0, 0, 0, 0, 0
863
0, 0, 0, 0, 5, 0, 0, 0, 0, 0, 0, 0
864
0, 0, 0, 0, 4, 0, 0, 0, 0, 0, 0, 0
865
0, 0, 0, 0, 8, 0, 0, 0, 0, 0, 0, 0
866
0, 0, 0, 0, 11, 0, 0, 0, 0, 0, 0, 0
867
0, 0, 0, 0, 15, 0, 0, 0, 0, 0, 0, 0
868
0, 0, 0, 0, 25, 0, 0, 0, 0, 0, 0, 0
869
0, 0, 0, 0, 10, 0, 0, 0, 0, 0, 0, 0
870
0, 0, 0, 0, 4, 0, 0, 0, 0, 0, 0, 0
871
0, 0, 0, 0, 5, 0, 0, 0, 0, 0, 0, 0
872
0, 0, 0, 0, 8, 0, 0, 0, 0, 0, 0, 0
873
0, 0, 0, 0, 11, 0, 0, 0, 0, 0, 0, 0
874
0, 0, 0, 0, 10, 0, 0, 0, 0, 0, 0, 0
875
0, 0, 0, 0, 15, 0, 0, 0, 0, 0, 0, 0
876
0, 0, 0, 0, 25, 0, 0, 0, 0, 0, 0, 0
877
0, 0, 0, 0, 0, 0, 0, 0, 0, 0, 0, 0
879
0, 0, 0, 0, 0, 0, 0, 0, 0, 0, 0, 0
880
0, 0, 0, 0, 0, 0, 0, 0, 0, 0, 0, 0
882
0, 0, 0, 0, 0, 0, 0, 0, 0, 0, 0, 0
883
0, 0, 0, 0, 0, 0, 0, 0, 0, 0, 0, 0
884
0, 0, 0, 0, 0, 0, 0, 0, 0, 0, 0, 0
885
0, 0, 0, 0, 0, 0, 0, 0, 0, 0, 0, 0
886
0, 0, 0, 0, 0, 0, 0, 0, 0, 0, 0, 0
887
0, 0, 0, 0, 0, 0, 0, 0, 0, 0, 0, 0
888
0, 0, 0, 0, 0, 0, 0, 0, 0, 0, 0, 0
889
0, 0, 0, 0, 0, 0, 0, 0, 0, 0, 0, 0
890
0, 0, 0, 0, 0, 0, 0, 0, 0, 0, 0, 0
891
0, 0, 0, 0, 0, 0, 0, 0, 0, 0, 0, 0
892
0, 0, 0, 0, 0, 0, 0, 0, 0, 0, 0, 0
893
0, 0, 0, 0, 0, 0, 0, 0, 0, 0, 0, 0
1007
0, 0, 0, 0, 0, 0, 1, 1, 0, 1, 0, 0
1017
0, 0, 0, 2, 0, 0, 0, 0, 2, 0, 0, 0
1019
0, 0, 0, 0, 0, 0, 1, 1, 0, 1, 0, 0
1021
0, 0, 0, 0, 0, 0, 1, 1, 0, 1, 0, 0
1023
0, 0, 0, 0, 0, 0, 1, 1, 0, 1, 0, 0
1027
0, 0, 0, 0, 0, 0, 1, 1, 0, 1, 0, 0
1029
0, 0, 0, 0, 0, 0, 1, 1, 0, 1, 0, 0
1031
0, 0, 0, 0, 0, 0, 1, 1, 0, 1, 0, 0
1033
0, 0, 0, 2, 0, 0, 0, 3, 0, 0, 0, 0
1035
0, 0, 0, 2, 0, 0, 0, 3, 0, 0, 0, 0
1052
0, 0, 0, 0, 0, 7, 7, 7, 7, 7, 0, 0
1059
0, 0, 0, 0, 0, 0, 1, 2, 0, 0, 0, 0
1061
0, 0, 0, 0, 0, 0, 1, 1, 0, 0, 0, 0
1063
0, 0, 0, 0, 4, 2, 2, 1, 0, 0, 0, 0
1065
0, 0, 0, -15, 8, 3, 2, 4, 2, 0, 0, 0
1067
0, 0, 0, -21, -7, 11, 10, 10, -4, 10, 0, 0
1069
0, 0, 0, -21, -7, 17, 16, 15, -4, 16, 0, 0
1071
0, 0, 0, -21, -7, 24, 22, 20, -4, 22, 0, 0
1073
0, 0, 0, -21, -7, 33, 31, 29, -4, 31, 0, 0
1075
0, 0, 0, -21, -7, 8, 7, 6, -4, 7, 0, 0
1077
0, 0, 0, -21, -7, 21, 20, 19, -4, 20, 0, 0
1079
0, 0, 0, -21, -7, 51, 49, 47, -4, 49, 0, 0
1081
0, 0, 0, -21, -7, 11, 10, 10, -4, 10, 0, 0
1083
0, 0, 0, -21, -7, 17, 16, 15, -4, 16, 0, 0
1085
0, 0, 0, -21, -7, 24, 22, 20, -4, 22, 0, 0
1087
0, 0, 0, -21, -7, 8, 7, 6, -4, 7, 0, 0
1089
0, 0, 0, -21, -7, 21, 20, 19, -4, 20, 0, 0
1091
0, 0, 0, -21, -7, 33, 31, 29, -4, 31, 0, 0
1093
0, 0, 0, -21, -7, 51, 49, 47, -4, 49, 0, 0
1095
0, 0, 0, 0, 4, 2, 2, 1, 0, 0, 0, 0
1097
0, 0, 0, -5, 6, 15, 16, 17, 6, 16, 0, 0
1099
0, 0, 0, -10, 11, 25, 19, 27, 14, 25, 0, 0
1101
0, 0, 0, -15, 0, 10, 15, 19, -3, 12, 0, 0
1103
0, 0, 0, -15, 0, 7, 11, 13, -9, 9, 0, 0
1105
0, 0, 0, -15, 0, 17, 25, 30, -3, 12, 0, 0
1107
0, 0, 0, -15, 0, 22, 32, 39, -3, 24, 0, 0
1109
0, 0, 0, -15, 0, 25, 35, 42, -3, 19, 0, 0
1111
0, 0, 0, -15, 0, 36, 50, 61, -3, 38, 0, 0
1113
0, 0, 0, -15, 0, 63, 72, 78, -3, 65, 0, 0
1115
0, 0, 0, -30, -10, 21, 20, 12, -6, 20, 0, 0
1117
0, 0, 0, -30, -10, 15, 14, 9, -6, 14, 0, 0
1119
0, 0, 0, -30, -10, 32, 31, 24, -6, 31, 0, 0
1121
0, 0, 0, -30, -10, 46, 44, 38, -6, 44, 0, 0
1123
0, 0, 0, -30, -10, 65, 63, 55, -6, 63, 0, 0
1125
0, 0, 0, -30, -10, 41, 40, 30, -6, 40, 0, 0
1127
0, 0, 0, -30, -10, 82, 80, 72, -6, 80, 0, 0
1129
0, 0, 0, -2, 2, 8, 9, 10, 4, 9, 0, 0
1131
0, 0, 0, -4, 8, 12, 15, 18, 6, 15, 0, 0
1133
0, 0, 0, -4, 8, 18, 25, 22, 8, 25, 0, 0
1135
0, 0, 0, -18, 15, 40, 32, 45, 20, 40, 0, 0
1137
0, 0, 0, -3, -3, 4, 5, 3, -1, 4, 0, 0
1139
0, 0, 0, -3, -1, 3, 4, 2, -1, 3, 0, 0
1141
0, 0, 0, -3, -1, 7, 8, 6, -1, 7, 0, 0
1143
0, 0, 0, -3, -1, 9, 10, 8, -1, 9, 0, 0
1145
0, 0, 0, -3, -1, 14, 15, 13, -1, 14, 0, 0
1147
0, 0, 0, -3, -1, 22, 23, 21, -1, 22, 0, 0
1149
0, 0, 0, -3, -1, 33, 35, 32, -1, 38, 0, 0
1151
0, 0, 0, -3, -1, 9, 10, 8, -1, 9, 0, 0
1153
0, 0, 0, -6, -2, 6, 7, 5, -1, 6, 0, 0
1155
0, 0, 0, -6, -2, 4, 5, 3, -1, 4, 0, 0
1157
0, 0, 0, -6, -2, 9, 10, 7, -1, 9, 0, 0
1159
0, 0, 0, -6, -2, 13, 14, 11, -1, 13, 0, 0
1161
0, 0, 0, -6, -2, 19, 21, 16, -1, 19, 0, 0
1163
0, 0, 0, -6, -2, 30, 32, 27, -1, 30, 0, 0
1165
0, 0, 0, -6, -2, 12, 13, 10, -1, 12, 0, 0
1167
0, 0, 0, 0, 1, 2, 3, 4, 2, 3, 0, 0
1169
0, 0, 0, -1, 2, 4, 6, 8, 4, 4, 0, 0
1171
0, 0, 0, 0, 0, 4, 5, 3, 1, 4, 0, 0
1173
0, 0, 0, -6, -2, 5, 6, 4, 0, 5, 0, 0
1175
0, 0, 0, -6, -2, 8, 9, 7, 0, 8, 0, 0
1177
0, 0, 0, -6, -2, 12, 13, 11, 0, 12, 0, 0
1179
0, 0, 0, -6, -2, 15, 16, 14, 0, 15, 0, 0
1181
0, 0, 0, -6, -2, 17, 19, 15, 0, 17, 0, 0
1183
0, 0, 0, -6, -2, 24, 26, 22, 0, 24, 0, 0
1185
0, 0, 0, -6, -2, 38, 40, 36, 0, 38, 0, 0
1187
0, 0, 0, -6, -2, 50, 52, 48, 0, 50, 0, 0
1189
0, 0, 0, -6, -2, 5, 7, 6, -1, 6, 0, 0
1191
0, 0, 0, -8, -2, 8, 10, 9, -1, 9, 0, 0
1193
0, 0, 0, -8, -2, 13, 15, 14, -1, 14, 0, 0
1195
0, 0, 0, -8, -2, 17, 19, 18, -1, 18, 0, 0
1197
0, 0, 0, -8, -2, 18, 22, 20, -1, 20, 0, 0
1199
0, 0, 0, -8, -2, 27, 31, 29, -1, 29, 0, 0
1201
0, 0, 0, -8, -2, 44, 48, 46, -1, 46, 0, 0
1203
5, 3, -4, 1, 0, 0, 0, 0, 1, 0, 4, 0
1205
4, 2, -4, 0, 0, 0, 0, 0, 1, 0, 3, 0
1207
8, 4, -4, 1, 0, 0, 0, 0, 1, 0, 7, 0
1209
11, 5, -4, 1, 0, 0, 0, 0, 1, 0, 10, 0
1211
15, 8, -4, 0, 0, 0, 0, 0, 1, 0, 14, 0
1213
25, 12, -4, 0, 0, 0, 0, 0, 1, 0, 24, 0
1215
40, 25, -4, 1, 0, 0, 0, 0, 1, 0, 40, 0
1217
10, 5, -4, 1, 0, 0, 0, 0, 1, 0, 7, 0
1219
5, 3, -4, 1, 0, 0, 0, 0, 1, 0, 4, 0
1221
4, 2, -4, 0, 0, 0, 0, 0, 1, 0, 3, 0
1223
8, 4, -4, 1, 0, 0, 0, 0, 1, 0, 7, 0
1225
11, 5, -4, 1, 0, 0, 0, 0, 1, 0, 10, 0
1227
15, 8, -4, 0, 0, 0, 0, 0, 1, 0, 14, 0
1229
25, 12, -4, 0, 0, 0, 0, 0, 1, 0, 24, 0
1231
40, 25, -4, 1, 0, 0, 0, 0, 1, 0, 40, 0
1233
10, 5, -4, 1, 0, 0, 0, 0, 1, 0, 7, 0
1237
5, 5, 5, 0, 0, 1, 1, 0, 0, 0, 7, 0
1239
8, 8, 8, 0, 0, 1, 1, 0, 0, 0, 10, 0
1241
12, 12, 12, 0, 0, 1, 1, 0, 0, 0, 12, 0
1243
17, 17, 17, 0, 0, 1, 1, 0, 0, 0, 0, 18
1245
24, 24, 24, 0, 0, 1, 1, 0, 0, 0, 28, 0
1247
36, 36, 36, 0, 0, 1, 1, 0, 0, 0, 42, 0
1249
55, 55, 55, 0, 0, 5, 5, 5, 5, 5, 60, 0
1251
5, 5, 5, 0, 0, 1, 1, 0, 0, 0, 7, 0
1253
8, 8, 8, 0, 0, 1, 1, 0, 0, 0, 10, 0
1257
17, 17, 17, 0, 0, 1, 1, 0, 0, 0, 0, 18
1259
24, 24, 24, 0, 0, 1, 1, 0, 0, 0, 28, 0
1261
36, 36, 36, 0, 0, 1, 1, 0, 0, 0, 42, 0
1263
55, 55, 55, 0, 0, 5, 5, 5, 5, 5, 60, 0
1265
4, -2, 2, 0, 0, 0, 2, 0, 0, 0, 5, 0
1267
5, -2, 3, 0, 0, 0, 2, 0, 0, 0, 7, 0
1269
8, -2, 6, 0, 0, 0, 2, 0, 0, 0, 9, 0
1271
17, -2, 15, 0, 0, 0, 1, 0, 0, 0, 19, 0
1273
12, -2, 10, 0, 0, 0, 2, 0, 0, 0, 13, 0
1275
26, -2, 24, 0, 0, 0, 1, 0, 0, 0, 29, 0
1277
4, 3, -2, 0, 0, 0, 2, 1, 0, 0, 5, 0
1279
6, 4, -2, -4, -1, 0, 2, 1, 0, -1, 7, 0
1281
11, 8, -2, -4, -1, 2, 1, 0, 0, 0, 12, 0
1283
14, 10, -2, 0, 0, 0, 2, 1, 0, 0, 12, 0
1285
16, 11, -2, 0, 0, 2, 1, 0, 0, 0, 17, 0
1287
23, 18, -2, -4, 0, 2, 1, 0, 0, 0, 24, 0
1289
38, 26, -2, 0, 0, 0, 3, 2, 0, 0, 39, 0
1291
4, 2, -2, 0, 0, 3, 2, 0, 0, 0, 7, 0
1293
6, 4, -2, -4, -1, 3, 2, 0, 0, 0, 10, 0
1295
9, 14, 0, 0, 0, 3, 2, 0, 0, 0, 15, 0
1297
13, 18, -2, 0, 0, 0, 3, 2, 0, 0, 16, 0
1299
15, 20, -2, 0, 0, 3, 2, 0, 0, 0, 22, 0
1301
20, 29, -2, 0, 0, 3, 2, 0, 0, 0, 31, 0
1303
38, 47, -2, 0, 0, 0, 3, 2, 0, 0, 49, 0
1305
58, 69, -2, 0, 0, 0, 3, 2, 0, 0, 71, 0
1307
-4, 9, 8, -4, 0, 0, 0, 0, 0, -1, 10, 0
1309
-4, 13, 10, -4, 0, 0, 0, 0, 0, -1, 14, 0
1311
-4, 21, 16, -4, 0, 0, 0, 0, 0, -1, 22, 0
1313
-4, 27, 21, -4, 0, 0, 0, 0, 0, -1, 28, 0
1315
-4, 30, 24, -4, 0, 0, 0, 0, 0, -1, 31, 0
1317
-4, 43, 30, -4, 0, 0, 0, 0, 0, 1, 44, 0
1319
-4, 69, 50, -4, 0, 0, 0, 0, 0, -1, 70, 0
1321
1, 7, -2, 0, 0, 0, 0, 0, 0, 0, 6, 0
1323
2, 10, -2, 0, 0, 0, 0, 0, 0, 0, 9, 0
1325
3, 15, -2, 0, 0, 0, 0, 0, 0, 0, 14, 0
1327
4, 19, -2, 0, 0, 0, 0, 0, 0, 0, 14, 0
1329
5, 21, -2, 0, 0, 0, 0, 0, 0, 0, 20, 0
1331
6, 29, -2, 0, 0, 0, 0, 0, 0, 0, 28, 0
1333
7, 45, -2, 0, 0, 0, 0, 0, 0, 0, 44, 0
1335
-4, -4, 11, -4, 0, 0, 0, 0, 0, 0, 9, 0
1337
-4, -4, 10, -4, 0, 0, 0, 0, 0, 0, 8, 0
1339
-4, -4, 18, -4, 0, 0, 0, 0, 0, 0, 16, 0
1341
-4, -4, 22, -4, 0, 0, 0, 0, 0, 0, 19, 0
1343
-4, -4, 25, 0, 0, 0, 0, 0, 0, 0, 20, 0
1345
-4, -4, 33, -4, 0, 0, 0, 0, 0, 0, 31, 0
1347
-4, -4, 53, -4, 0, 0, 0, 0, 0, 0, 48, 0
1349
-2, 5, 3, 0, 0, 0, 0, 0, 0, 0, 7, 0
1351
2, 4, 2, 0, 0, 0, 0, 0, 0, 0, 5, 0
1353
-2, 8, 6, 0, 0, 0, 0, 0, 0, 0, 9, 0
1355
-2, 12, 10, 0, 0, 0, 0, 0, 0, 0, 10, 0
1357
-2, 17, 15, 0, 0, 0, 0, 0, 0, 0, 19, 0
1359
-2, 26, 24, 0, 0, 0, 0, 0, 0, 0, 29, 0
1361
-2, 10, 8, 0, 0, 0, 0, 0, 0, 0, 12, 0
1363
-2, 8, 5, 0, 0, 0, 0, 0, 0, 0, 13, 0
1365
-2, 16, 11, 0, 0, 0, 0, 0, 0, 0, 20, 0
1367
-2, 20, 15, 0, 0, 0, 0, 0, 0, 0, 24, 0
1369
-2, 22, 17, 0, 0, 0, 0, 0, 0, 0, 29, 0
1371
-2, 31, 26, 0, 0, 0, 0, 0, 0, 0, 41, 0
1373
-2, 48, 43, 0, 0, 0, 0, 0, 0, 0, 64, 0
1375
-2, 6, 3, 0, 0, 0, 0, 0, 0, 0, 9, 0
1377
-2, 70, 65, 0, 0, 0, 0, 0, 0, 0, 85, 0
1379
0, -1, 7, 4, 0, 2, 3, 1, 4, 0, 3, 0
1381
3, -1, 9, 10, 0, 2, 3, 1, 10, 0, 6, 0
1383
3, -1, 9, 10, 0, 2, 3, 1, 10, 0, 6, 0
1385
3, -1, 9, 10, 0, 2, 3, 1, 10, 0, 6, 0
1387
3, -1, 9, 10, 0, 2, 3, 1, 10, 0, 6, 0
1389
2, -1, 10, 10, 0, 2, 3, 1, 10, 0, 7, 0
1391
7, -1, 25, 10, 0, 2, 3, 1, 10, 0, 32, 0
1393
7, -1, 28, 10, 0, 2, 3, 1, 10, 0, 35, 0
1395
7, -1, 28, 10, 0, 2, 3, 1, 10, 0, 35, 0
1397
7, -1, 28, 10, 0, 2, 3, 1, 10, 0, 35, 0
1399
7, -1, 28, 10, 0, 2, 3, 1, 10, 0, 35, 0
1401
10, -1, 40, 10, 0, 2, 3, 1, 10, 0, 50, 0
1403
10, -1, 40, 10, 0, 2, 3, 1, 10, 0, 50, 0
1405
10, -1, 40, 10, 0, 2, 3, 1, 10, 0, 50, 0
1407
10, -1, 40, 10, 0, 2, 3, 1, 10, 0, 50, 0
1409
10, -1, 40, 10, 0, 2, 3, 1, 10, 0, 50, 0
1419
0, 0, 0, 3, 1, 0, 0, 0, 0, 0, 10, 0
1420
4, -2, 9, 0, 0, -2, 0, 0, 0, 0, 7, 1
1422
2, -2, 6, 0, 0, 0, 0, 0, 0, 0, 5, 1
1424
7, -2, 13, 0, 0, 0, 0, 0, 0, 0, 11, 2
1426
8, -2, 16, 0, 0, 0, 0, 0, 0, 0, 13, 2
1428
11, -2, 11, 0, 0, 0, 0, 0, 0, 0, 16, 3
1430
13, -2, 25, 0, 0, 0, 0, 0, 0, 0, 23, 3
1432
20, -2, 39, 0, 0, -2, 0, 0, 0, 0, 36, 4
1434
40, -2, 60, 0, 0, -2, 0, 0, 0, 0, 55, 5
1478
4, 4, 4, 4, 4, 0, 0, 0, 0, 0, 0, 0
1540
0, 0, 0, 0, 0, 7, 9, 8, 2, 8, 0, 0
1704
10, 10, 10, 10, 10, 3, 3, 3, 3, 3, 6, 3
1706
10, 10, 10, 10, 10, 3, 3, 3, 3, 3, 6, 3
1708
10, 10, 10, 10, 10, 3, 3, 3, 3, 3, 6, 3
1710
10, 10, 10, 10, 10, 3, 3, 3, 3, 3, 6, 3
1712
10, 10, 10, 10, 10, 3, 3, 3, 3, 3, 6, 3
1718
0, 0, 0, 0, 0, 2, 2, 2, 2, 2, 0, 8
1724
2, 2, 2, 2, 2, 0, 0, 0, 0, 0, 0, 8
1725
0, 0, 0, 0, 0, 0, 0, 0, 0, 0, 10, 0
1727
0, 0, 0, 10, 0, 0, 0, 0, 0, 0, 0, 0
1729
0, 0, 0, 0, 0, 7, 7, 7, 7, 7, 0, 0
1731
6, 6, 6, 6, 6, 6, 6, 6, 6, 6, 4, 1
2402
9, 14, -2, 0, 0, 0, 3, 2, 1, 0, 12, 0
2412
0, 0, 0, 10, 0, 1, 1, 2, 10, 0, 0, 0
2413
0, 0, 0, 10, 0, 1, 1, 2, 10, 0, 0, 0
2414
0, 0, 0, 10, 0, 1, 1, 2, 10, 0, 0, 0
2415
-1, -1, 6, 6, 0, 2, 3, 1, 6, 0, 0, 20
2416
-1, -1, 6, 6, 0, 2, 3, 1, 6, 0, 0, 20
2417
-1, -1, 6, 6, 0, 2, 3, 1, 6, 0, 0, 20
2487
0, 0, 0, -10, 9, 4, 3, 5, 4, 0, 0, 0
2489
0, 0, 0, -10, 10, 5, 4, 6, 6, 0, 0, 0
2491
0, 0, 0, -10, 11, 6, 5, 7, 8, 0, 0, 0
2493
0, 0, 0, -10, 11, 25, 19, 27, 14, 25, 0, 0
2495
0, 0, 0, -10, 14, 28, 22, 30, 20, 28, 0, 0
2497
0, 0, 0, -10, 17, 31, 25, 33, 28, 31, 0, 0
2499
0, 0, 0, -15, 20, 45, 37, 50, 30, 45, 0, 0
2501
0, 0, 0, -15, 25, 50, 42, 55, 40, 50, 0, 0
2503
0, 0, 0, -15, 30, 55, 47, 60, 50, 55, 0, 0
2550
0, 0, 0, 0, 0, 0, 0, 0, 0, 0, 0, 5
2570
0, 0, 0, 0, 0, 0, 0, 0, 0, 0, 0, 0
2577
0, 0, 0, -10, 8, 2, 3, 4, 2, 0, 0, 0
2579
0, 0, 0, 4, 0, 0, 0, 0, 0, 0, 0, 0
2581
0, 0, 0, 0, 8, 4, 6, 8, 4, 4, 0, 0
2583
0, 0, 0, -30, -10, 41, 40, 30, -6, 40, 0, 0
2585
0, 0, 0, -21, -7, 21, 20, 19, -4, 20, 0, 0
2587
0, 0, 0, -6, -2, 12, 13, 10, -1, 12, 0, 0
2589
0, 0, 0, -8, -2, 17, 19, 18, -1, 18, 0, 0
2591
0, 0, 0, -30, -10, 41, 40, 30, -6, 40, 0, 0
2593
0, 0, 0, -21, -7, 21, 20, 19, -4, 20, 0, 0
2595
0, 0, 0, -6, -2, 12, 13, 10, -1, 12, 0, 0
2597
0, 0, 0, -8, -2, 17, 19, 18, -1, 18, 0, 0
2599
0, 0, 0, -30, -10, 65, 63, 55, -6, 63, 0, 0
2601
0, 0, 0, -21, -7, 33, 31, 29, -4, 31, 0, 0
2603
0, 0, 0, -8, -2, 27, 31, 29, -1, 29, 0, 0
2605
0, 0, 0, -6, -2, 19, 21, 16, -1, 19, 0, 0
2607
0, 0, 0, -30, -10, 65, 63, 55, -6, 63, 0, 0
2609
0, 0, 0, -21, -7, 33, 31, 29, -4, 31, 0, 0
2611
0, 0, 0, -8, -2, 27, 31, 29, -1, 29, 0, 0
2613
0, 0, 0, -6, -2, 19, 21, 16, -1, 19, 0, 0
2615
0, 0, 0, -30, -10, 82, 80, 72, -6, 80, 0, 0
2617
0, 0, 0, -21, -7, 51, 49, 47, -4, 49, 0, 0
2619
0, 0, 0, -6, -2, 30, 32, 27, -1, 30, 0, 0
2621
0, 0, 0, -8, -2, 44, 48, 46, -1, 46, 0, 0
2623
0, 0, 0, -30, -10, 82, 80, 72, -6, 80, 0, 0
2625
0, 0, 0, -21, -7, 51, 49, 47, -4, 49, 0, 0
2627
0, 0, 0, -6, -2, 30, 32, 27, -1, 30, 0, 0
2629
0, 0, 0, -8, -2, 44, 48, 46, -1, 46, 0, 0
2631
0, 0, 0, 0, 0, 0, 0, 0, 0, 0, 0, 0
2653
0, 0, 0, -30, -10, 82, 80, 72, -6, 80, 0, 0
2655
0, 0, 0, -21, -7, 51, 49, 47, -4, 49, 0, 0
2657
0, 0, 0, -6, -2, 30, 32, 27, -1, 30, 0, 0
2659
0, 0, 0, -8, -2, 44, 48, 46, -1, 46, 0, 0
2661
0, 0, 0, -30, -10, 82, 80, 72, -6, 80, 0, 0
2663
0, 0, 0, -21, -7, 51, 49, 47, -4, 49, 0, 0
2665
0, 0, 0, -6, -2, 30, 32, 27, -1, 30, 0, 0
2667
0, 0, 0, -8, -2, 44, 48, 46, -1, 46, 0, 0
2669
0, 0, 0, -30, -10, 82, 80, 72, -6, 80, 0, 0
2671
0, 0, 0, -21, -7, 51, 49, 47, -4, 49, 0, 0
2673
0, 0, 0, -6, -2, 30, 32, 27, -1, 30, 0, 0
2675
0, 0, 0, -8, -2, 44, 48, 46, -1, 46, 0, 0
2890
0, 0, 0, 0, 0, 0, 0, 0, 6, 0, 0, 0
2894
0, 0, 0, 0, 0, 0, 1, 1, 0, 0, 0, 0
2896
0, 0, 0, 0, 0, 0, 2, 2, 0, 0, 0, 0
2900
0, 0, 0, 3, 0, 0, 0, 0, 3, 0, 0, 0
2902
0, 0, 0, 0, 0, 0, 1, 2, 0, 0, 0, 0
2904
0, 0, 0, 0, 0, 0, 1, 1, 0, 0, 0, 0
2906
0, 0, 0, 0, 0, 0, 2, 2, 0, 0, 0, 0
2910
0, 0, 0, 3, 0, 0, 0, 0, 3, 0, 0, 0
2912
0, 0, 0, 0, 0, 0, 1, 2, 0, 0, 0, 0
2914
0, 0, 0, 0, 0, 0, 1, 1, 0, 0, 0, 0
2916
0, 0, 0, 0, 0, 0, 2, 2, 0, 0, 0, 0
2920
0, 0, 0, 3, 0, 0, 0, 0, 3, 0, 0, 0
2922
0, 0, 0, 0, 0, 0, 1, 2, 0, 0, 0, 0
2924
0, 0, 0, 0, 0, 0, 1, 1, 0, 0, 0, 0
2926
0, 0, 0, 0, 0, 0, 2, 2, 0, 0, 0, 0
2930
0, 0, 0, 3, 0, 0, 0, 0, 3, 0, 0, 0
2932
0, 0, 0, 0, 0, 0, 1, 2, 0, 0, 0, 0
2934
0, 0, 0, 0, 0, 0, 1, 1, 0, 0, 0, 0
2936
0, 0, 0, 0, 0, 0, 2, 2, 0, 0, 0, 0
2940
0, 0, 0, 3, 0, 0, 0, 0, 3, 0, 0, 0
2942
0, 0, 0, 0, 0, 0, 1, 2, 0, 0, 0, 0
2961
0, 0, 0, 0, 0, 0, 0, 0, 0, 0, 1, 5
2963
0, 0, 0, 0, 0, 0, 0, 0, 0, 0, 1, 5
3053
7, -1, 28, 10, 0, 2, 3, 1, 10, 0, 35, 0
3054
7, -1, 28, 10, 0, 2, 3, 1, 10, 0, 35, 0
3093
40, 25, -4, 1, 0, 0, 0, 0, 1, 0, 40, 0
3094
4, 6, -4, 0, 0, 2, 3, 1, 0, 0, 7, 0
3095
3, 4, -4, 0, 0, 1, 2, 1, 0, 0, 5, 0
3096
4, 6, -4, 0, 0, 2, 3, 1, 0, 0, 7, 0
3097
8, 11, -4, 0, 0, 3, 6, 2, 0, 0, 12, 0
3098
10, 14, -4, 0, 0, 4, 7, 2, 0, 0, 14, 0
3099
11, 16, -4, 0, 0, 4, 8, 2, 0, 0, 17, 0
3100
18, 23, -4, 0, 0, 6, 12, 3, 0, 0, 24, 0
3101
26, 38, -4, 0, 0, 10, 19, 5, 0, 0, 39, 0
3105
0, 0, 0, 0, 0, 0, 2, 2, 0, 0, 2, 0
3107
0, 0, 0, 0, 0, 0, 2, 2, 0, 0, 2, 0
3122
0, 0, 0, -12, -8, 40, 42, 38, 0, 65, 0, 0
3140
0, 0, 0, -15, 0, 81, 93, 98, -3, 82, 0, 0
3170
5, 5, 5, 0, 0, 1, 1, 0, 0, 0, 7, 0
3171
8, 8, 8, 0, 0, 1, 1, 0, 0, 0, 10, 0
3172
12, 12, 12, 0, 0, 1, 1, 0, 0, 0, 12, 0
3173
17, 17, 17, 0, 0, 1, 1, 0, 0, 0, 0, 18
3174
24, 24, 24, 0, 0, 1, 1, 0, 0, 0, 28, 0
3175
36, 36, 36, 0, 0, 1, 1, 0, 0, 0, 42, 0
3176
55, 55, 55, 0, 0, 5, 5, 5, 5, 5, 60, 0
3190
7, 8, 0, -4, 0, -1, 1, 2, 0, 0, 8, 0
3192
9, 12, 0, -4, 0, -1, 1, 2, 0, 0, 12, 0
3194
14, 19, 0, -4, 0, -1, 1, 2, 0, 0, 20, 0
3196
19, 25, 0, -4, 0, -1, 2, 3, 0, 0, 24, 0
3198
22, 28, 0, -4, 0, -1, 2, 4, 0, 0, 29, 0
3200
28, 41, 0, -4, 0, -1, 3, 4, 0, 0, 43, 0
3202
48, 67, 0, -4, 0, -1, 4, 5, 0, 0, 68, 0
3204
70, 95, 0, -4, 0, -1, 4, 5, 0, 0, 89, 0
3472
0, 0, 0, -21, -7, 21, 20, 19, -4, 20, 0, 0
3473
0, 0, 0, -21, -7, 21, 20, 19, -4, 20, 0, 0
3474
0, 0, 0, -21, -7, 33, 31, 29, -4, 31, 0, 0
3475
0, 0, 0, -21, -7, 33, 31, 29, -4, 31, 0, 0
3476
0, 0, 0, -21, -7, 51, 49, 47, -4, 49, 0, 0
3477
0, 0, 0, -21, -7, 51, 49, 47, -4, 49, 0, 0
3478
0, 0, 0, -21, -7, 51, 49, 47, -4, 49, 0, 0
3479
0, 0, 0, -21, -7, 51, 49, 47, -4, 49, 0, 0
3480
0, 0, 0, -21, -7, 51, 49, 47, -4, 49, 0, 0
3481
0, 0, 0, -30, -10, 82, 80, 72, -6, 80, 0, 0
3483
0, 0, 0, -21, -7, 51, 49, 47, -4, 49, 0, 0
3485
0, 0, 0, -21, -7, 51, 49, 47, -4, 49, 0, 0
3486
0, 0, 0, -6, -2, 30, 32, 27, -1, 30, 0, 0
3488
0, 0, 0, -8, -2, 44, 48, 46, -1, 46, 0, 0
3633
0, 0, 0, 0, 11, 0, 0, 0, 0, 0, 0, 0
3748
0, 0, 0, -6, -2, 19, 21, 16, -1, 19, 0, 0
3749
-5, -5, -5, -6, 6, 6, 9, 10, 6, 6, 0, 0
3751
0, 0, 0, -5, -5, 31, 29, 33, 0, 30, 3, 0
3753
0, 5, 0, -5, -5, 31, 33, 29, 0, 30, 0, 0
3755
-5, -5, -5, 6, -5, 8, 10, 12, 6, 0, 0, 0
3757
6, 29, -2, 0, 0, 0, 1, 0, 0, 0, 28, 0
3758
0, 0, 0, -8, -2, 27, 31, 29, -1, 29, 0, 0
3759
0, 0, 0, 0, 0, 0, 1, 1, 0, 2, 0, 0
3761
0, 0, 0, 0, 0, 0, 1, 1, 0, 2, 0, 0
3763
0, 0, 0, 0, 0, 0, 1, 1, 0, 2, 0, 0
3765
0, 0, 0, 0, 0, 0, 1, 1, 0, 2, 0, 0
3767
0, 0, 0, 0, 0, 0, 2, 2, 0, 0, 0, 0
3769
0, 0, 0, 0, 0, 0, 2, 2, 0, 0, 0, 0
3771
0, 0, 0, 0, 0, 0, 2, 2, 0, 0, 0, 0
3773
0, 0, 0, 0, 0, 0, 0, 2, 2, 0, 0, 0
3775
0, 0, 0, 0, 0, 0, 0, 2, 2, 0, 0, 0
3777
0, 0, 0, 0, 0, 0, 1, 1, 0, 2, 0, 0
3779
0, 0, 0, 0, 0, 0, 1, 1, 0, 2, 0, 0
3781
0, 0, 0, 0, 0, 0, 1, 1, 0, 2, 0, 0
3783
0, 0, 0, 0, 0, 0, 1, 1, 0, 2, 0, 0
3785
0, 0, 0, 0, 0, 0, 1, 1, 0, 2, 0, 0
3787
0, 0, 0, 0, 0, 0, 1, 1, 0, 2, 0, 0
3789
0, 0, 0, 0, 0, 0, 1, 1, 0, 2, 0, 0
3791
0, 0, 0, 0, 0, 0, 1, 1, 0, 0, 0, 0
3793
0, 0, 0, 0, 0, 0, 2, 2, 0, 0, 0, 0
3795
0, 0, 0, 0, 0, 0, 2, 2, 0, 0, 0, 0
3797
0, 0, 0, 3, 0, 0, 0, 0, 3, 0, 0, 0
3798
0, 0, 0, 3, 0, 0, 0, 0, 3, 0, 0, 0
3799
0, 0, 0, 0, 0, 0, 1, 2, 0, 0, 0, 0
3839
0, 0, 0, 0, 0, 0, 0, 0, 0, 0, 0, 5
3840
0, 0, 0, 0, 0, 8, 8, 8, 8, 8, 0, 5
3841
0, 0, 0, 0, 0, 0, 0, 0, 0, 0, 0, 5
3842
8, 8, 8, 8, 8, 0, 0, 0, 0, 0, 0, 5
3843
0, 0, 0, 0, 0, 0, 0, 0, 0, 0, 0, 5
3844
4, 4, 4, 4, 4, 4, 4, 4, 4, 4, 0, 5
4087
0, 0, 0, -21, -7, 68, 66, 63, -4, 65, 0, 0
4089
0, 0, 0, 4, 0, 0, 0, 0, 4, 0, 0, 0
4091
0, 0, 0, 20, 0, 0, 0, 0, 20, 0, 0, 0
4093
0, 0, 0, 15, 0, 0, 0, 0, 15, 0, 0, 0
4095
0, 0, 0, 3, 0, 0, 0, 0, 3, 0, 0, 0
4097
0, 0, 0, 3, 0, 0, 0, 0, 3, 0, 0, 0
4099
0, 0, 0, 4, 0, 0, 0, 0, 4, 0, 0, 0
4101
0, 0, 0, 20, 0, 0, 0, 0, 20, 0, 0, 0
4103
0, 0, 0, 15, 0, 0, 0, 0, 15, 0, 0, 0
4105
0, 0, 0, 3, 0, 0, 0, 0, 3, 0, 0, 0
4107
0, 0, 0, 3, 0, 0, 0, 0, 3, 0, 0, 0
4109
0, 0, 0, 4, 0, 0, 0, 0, 4, 0, 0, 0
4111
0, 0, 0, 20, 0, 0, 0, 0, 20, 0, 0, 0
4113
0, 0, 0, 15, 0, 0, 0, 0, 15, 0, 0, 0
4115
0, 0, 0, 3, 0, 0, 0, 0, 3, 0, 0, 0
4117
0, 0, 0, 3, 0, 0, 0, 0, 3, 0, 0, 0
4119
0, 0, 0, -3, -1, 1, 2, 0, 0, 0, 0, 0
4121
0, 0, 0, -3, -1, 2, 3, 4, 0, 0, 0, 0
4123
0, 0, 0, -3, -1, 5, 6, 7, 0, 0, 0, 0
4125
0, 0, 0, -3, -1, 7, 8, 9, 0, 0, 0, 0
4127
0, 0, 0, -3, -1, 8, 9, 10, 0, 0, 0, 0
4129
0, 0, 0, -3, -1, 10, 11, 12, 0, 0, 1, 0
4131
0, 0, 0, -3, -1, 12, 13, 14, 0, 0, 2, 0
4151
0, 82, 0, 0, 0, 0, 0, 0, 0, 0, 82, 0
4153
0, 0, 81, 0, 0, 0, 0, 0, 0, 0, 79, 0
4156
0, 0, 0, 0, 0, 10, 15, 5, 5, 10, 0, 0
4158
47, 42, 36, 0, 0, 1, 1, 0, 0, 0, 50, 0
4170
7, -1, 25, 12, 0, 2, 3, 1, 10, 0, 35, 0
4212
0, 0, 0, 0, 100, 0, 0, 0, 0, 0, 0, 0
4214
0, 0, 0, 0, 100, 0, 0, 0, 0, 0, 0, 0
4215
0, 0, 0, 0, 96, 0, 0, 0, 0, 0, 0, 0
4216
0, 0, 0, 0, 92, 0, 0, 0, 0, 0, 0, 0
4217
0, 0, 0, 0, 92, 0, 0, 0, 0, 0, 0, 0
4218
0, 0, 0, 0, 92, 0, 0, 0, 0, 0, 0, 0
4219
0, 0, 0, 0, 92, 0, 0, 0, 0, 0, 0, 0
4220
0, 0, 0, 0, 92, 0, 0, 0, 0, 0, 0, 0
4221
0, 0, 0, 0, 92, 0, 0, 0, 0, 0, 0, 0
4222
0, 0, 0, 0, 92, 0, 0, 0, 0, 0, 0, 0
4223
0, 0, 0, 0, 92, 0, 0, 0, 0, 0, 0, 0
4224
0, 0, 0, 0, 0, 51, 54, 53, 0, 80, 0, 0
4225
0, 0, 0, 0, 0, 51, 54, 53, 0, 80, 0, 0
4226
0, 0, 0, 0, 0, 49, 52, 51, 0, 78, 0, 0
4227
0, 0, 0, 0, 0, 47, 50, 49, 0, 76, 0, 0
4228
0, 0, 0, 0, 0, 45, 48, 47, 0, 74, 0, 0
4229
0, 0, 0, 0, 0, 43, 46, 45, 0, 72, 0, 0
4230
0, 0, 0, 0, 0, 41, 44, 43, 0, 70, 0, 0
4231
0, 0, 0, 0, 0, 39, 42, 41, 0, 68, 0, 0
4232
0, 0, 0, 0, 0, 37, 40, 39, 0, 66, 0, 0
4233
0, 0, 0, 0, 0, 35, 38, 37, 0, 64, 0, 0
4234
0, 0, 0, 0, 0, 33, 36, 35, 0, 62, 0, 0
4315
0, 0, 0, 0, 0, 0, 1, 1, 0, 2, 0, 0
4317
0, 0, 0, 0, 0, 0, 1, 1, 0, 2, 0, 0
4319
0, 0, 0, 0, 0, 0, 1, 1, 0, 2, 0, 0
4321
0, 0, 0, 0, 0, 0, 1, 1, 0, 2, 0, 0
4323
0, 0, 0, 0, 0, 0, 1, 1, 0, 2, 0, 0
4325
0, 0, 0, 0, 0, 0, 1, 1, 0, 2, 0, 0
4327
0, 0, 0, 0, 0, 0, 1, 1, 0, 2, 0, 0
4329
0, 0, 0, 0, 0, 0, 1, 1, 0, 2, 0, 0
4331
0, 0, 0, 0, 0, 0, 1, 1, 0, 2, 0, 0
4333
0, 0, 0, 0, 0, 0, 1, 1, 0, 2, 0, 0
4335
0, 0, 0, 0, 0, 0, 1, 1, 0, 2, 0, 0
4337
0, 0, 0, 0, 0, 0, 1, 1, 0, 2, 0, 0
4339
0, 0, 0, 0, 0, 0, 1, 1, 0, 2, 0, 0
4341
0, 0, 0, 0, 0, 0, 1, 1, 0, 2, 0, 0
4343
0, 0, 0, 0, 0, 0, 1, 1, 0, 2, 0, 0
4345
0, 0, 0, 0, 0, 0, 1, 1, 0, 2, 0, 0
4347
0, 0, 0, 0, 0, 0, 1, 1, 0, 2, 0, 0
4349
0, 0, 0, 0, 0, 0, 1, 1, 0, 2, 0, 0
4351
0, 0, 0, 0, 0, 0, 1, 1, 0, 2, 0, 0
4353
0, 0, 0, 0, 0, 0, 1, 1, 0, 2, 0, 0
4355
0, 0, 0, 0, 0, 0, 1, 1, 0, 2, 0, 0
4357
0, 0, 0, 0, 0, 0, 1, 1, 0, 2, 0, 0
4359
0, 0, 0, 0, 0, 0, 1, 1, 0, 2, 0, 0
4361
0, 0, 0, 0, 0, 0, 1, 1, 0, 2, 0, 0
4363
0, 0, 0, 0, 0, 0, 1, 1, 0, 2, 0, 0
4365
0, 0, 0, 0, 0, 0, 1, 1, 0, 2, 0, 0
4367
0, 0, 0, 0, 0, 0, 1, 1, 0, 2, 0, 0
4369
0, 0, 0, 0, 0, 0, 1, 1, 0, 2, 0, 0
4371
0, 0, 0, 0, 0, 0, 1, 1, 0, 2, 0, 0
4373
0, 0, 0, 0, 0, 0, 1, 1, 0, 2, 0, 0
4375
0, 0, 0, 0, 0, 0, 1, 1, 0, 2, 0, 0
4377
0, 0, 0, 0, 0, 0, 1, 1, 0, 2, 0, 0
4379
0, 0, 0, 0, 0, 0, 1, 1, 0, 2, 0, 0
4381
0, 0, 0, 0, 0, 0, 1, 1, 0, 2, 0, 0
4383
0, 0, 0, 0, 0, 0, 1, 1, 0, 2, 0, 0
4385
0, 0, 0, 0, 0, 0, 1, 1, 0, 2, 0, 0
4387
0, 0, 0, 0, 0, 0, 1, 1, 0, 2, 0, 0
4389
0, 0, 0, 0, 0, 0, 1, 1, 0, 2, 0, 0
4391
0, 0, 0, 0, 0, 0, 1, 1, 0, 2, 0, 0
4393
0, 0, 0, 0, 0, 0, 1, 1, 0, 2, 0, 0
4395
0, 0, 0, 0, 0, 0, 1, 1, 0, 2, 0, 0
4397
0, 0, 0, 0, 0, 0, 1, 1, 0, 2, 0, 0
4399
0, 0, 0, 0, 0, 0, 1, 1, 0, 2, 0, 0
4401
0, 0, 0, 0, 0, 0, 1, 1, 0, 2, 0, 0
4403
0, 0, 0, 0, 0, 0, 1, 1, 0, 2, 0, 0
4405
0, 0, 0, 0, 0, 0, 1, 1, 0, 2, 0, 0
4407
0, 0, 0, 0, 0, 0, 1, 1, 0, 2, 0, 0
4409
0, 0, 0, 0, 0, 0, 1, 1, 0, 2, 0, 0
4411
0, 0, 0, 0, 0, 0, 1, 1, 0, 2, 0, 0
4413
0, 0, 0, 0, 0, 0, 1, 1, 0, 2, 0, 0
4502
0, 0, 0, -3, -3, 12, 14, 10, 7, 9, 0, 0
4503
9, 14, -2, 0, 0, 0, 3, 2, 0, 0, 16, 0
4504
0, 0, 0, -30, -10, 65, 63, 55, -6, 63, 0, 0
4505
0, 0, 0, -21, -7, 33, 31, 29, -4, 31, 0, 0
4506
0, 0, 0, -3, -1, 14, 15, 13, -1, 14, 0, 0
4507
0, 0, 0, -8, -2, 27, 31, 29, -1, 29, 0, 0
4508
9, 14, -2, 0, 0, 0, 3, 2, 0, 0, 16, 0
4509
0, 0, 0, -30, -10, 65, 63, 55, -6, 63, 0, 0
4510
0, 0, 0, -21, -7, 33, 31, 29, -4, 31, 0, 0
4511
0, 0, 0, -3, -1, 14, 15, 13, -1, 14, 0, 0
4512
0, 0, 0, -8, -2, 27, 31, 29, -1, 29, 0, 0
4551
0, 0, 0, -6, -2, 9, 10, 7, -1, 9, 0, 0
4566
-100, -100, -50, 0, 0, 0, 0, 0, 0, 0, -10, 0
4585
0, 0, 0, -21, -7, 68, 66, 63, -4, 65, 0, 0
4587
8, 67, -2, 0, 0, 0, 1, 0, 0, 0, 66, 0
4675
10, -1, 40, 15, 0, 2, 3, 1, 15, 0, 50, -1
4708
0, 0, 0, 6, -2, 15, 13, 16, 6, 0, 0, 0
4710
12, -1, 65, 15, 0, 3, 2, 5, 15, 0, 68, 0
4712
0, 0, 0, 30, -10, 52, 37, 63, 30, 0, 0, 0
4714
0, 0, 0, 22, -7, 33, 30, 36, 22, 0, 0, 0
4716
0, 0, 0, 0, 0, 45, 48, 44, -1, 51, 0, 0
4718
0, 103, 95, -4, 0, 0, 0, 0, 0, -1, 105, 0
4720
0, 0, 0, -30, -10, 122, 120, 107, -6, 132, 0, 0
4722
0, 0, 0, -21, -7, 85, 82, 83, -4, 92, 0, 0
4724
0, 0, 0, -6, -2, 55, 58, 54, -1, 62, 0, 0
4726
75, 75, 75, 0, 0, 7, 7, 7, 0, 0, 75, 0
4728
0, 0, 0, -30, -10, 122, 120, 107, -6, 132, 0, 0
4730
0, 0, 0, -14, -7, 75, 72, 73, -4, 82, 0, 0
4732
0, 0, 0, -3, 3, 6, 9, 12, 6, 10, 0, 0
4734
0, 0, 0, 0, 84, 0, 0, 0, 0, 0, 0, 0
4736
0, 0, 0, -15, 30, 47, 42, 50, 65, 57, 0, 0
4738
0, 0, 0, -10, 17, 26, 20, 28, 35, 33, 0, 0
4740
0, 0, 0, 0, 0, 0, 0, 0, 0, 0, 0, 0
4745
0, 0, 0, -6, -2, 55, 58, 54, -1, 62, 0, 0
4747
-4, -4, 85, -4, 0, 0, 0, 0, 0, 0, 72, 0
4749
0, 0, 0, -30, -10, 122, 120, 107, -6, 132, 0, 0
4751
0, 0, 0, -21, -7, 85, 82, 83, -4, 92, 0, 0
4753
0, 0, 0, -6, -2, 55, 58, 54, 0, 56, 0, 3
4755
68, -2, 82, 0, 0, 0, 0, 0, 0, 0, 72, 6
4757
0, 0, 0, -6, -2, 81, 95, 85, 0, 81, 0, 5
4759
0, 0, 0, -21, -7, 85, 82, 83, 0, 84, 0, 4
4827
0, 0, 0, 0, 38, 0, 0, 0, 0, 0, 0, 0
4862
12, -1, 65, 15, 0, 3, 2, 5, 15, 0, 68, 0
4863
12, -1, 65, 15, 0, 3, 2, 5, 15, 0, 68, 0
4864
12, -1, 65, 15, 0, 3, 2, 5, 15, 0, 68, 0
4865
12, -1, 65, 15, 0, 3, 2, 5, 15, 0, 68, 0
4886
0, 103, 95, -4, 0, 0, 0, 0, 0, -1, 105, 0
4887
0, 103, 95, -4, 0, 0, 0, 0, 0, -1, 105, 0
4888
0, 103, 95, -4, 0, 0, 0, 0, 0, -1, 105, 0
4889
0, 103, 95, -4, 0, 0, 0, 0, 0, -1, 105, 0
4934
0, 0, 0, 0, 84, 0, 0, 0, 0, 0, 0, 0
4935
0, 0, 0, 0, 84, 0, 0, 0, 0, 0, 0, 0
4936
0, 0, 0, 0, 84, 0, 0, 0, 0, 0, 0, 0
4937
0, 0, 0, 0, 84, 0, 0, 0, 0, 0, 0, 0
4958
-4, -4, 85, -4, 0, 0, 0, 0, 0, 0, 72, 0
4959
-4, -4, 85, -4, 0, 0, 0, 0, 0, 0, 72, 0
4960
-4, -4, 85, -4, 0, 0, 0, 0, 0, 0, 72, 0
4961
-4, -4, 85, -4, 0, 0, 0, 0, 0, 0, 72, 0
4982
68, -2, 82, 0, 0, 0, 0, 0, 0, 0, 72, 6
4983
68, -2, 82, 0, 0, 0, 0, 0, 0, 0, 72, 6
4984
68, -2, 82, 0, 0, 0, 0, 0, 0, 0, 72, 6
4985
68, -2, 82, 0, 0, 0, 0, 0, 0, 0, 72, 6
5553
0, 0, 0, 0, 0, 10, 10, 10, 10, 10, 0, 0
5554
0, 0, 0, 0, 0, 5, 5, 5, 5, 5, 0, 0
5555
0, 0, 0, 0, 0, 7, 7, 7, 7, 7, 0, 0
5556
0, 0, 0, 0, 0, 2, 2, 2, 2, 2, 0, 0
5557
0, 0, 0, 0, 0, 2, 2, 2, 2, 2, 0, 0
5574
0, 0, 0, -6, -2, 13, 14, 11, -1, 13, 0, 3
5575
0, 0, 0, -30, -10, 46, 44, 38, -6, 44, 0, 6
5576
0, 0, 0, -21, -7, 24, 22, 20, -4, 22, 0, 5
5616
0, 0, 0, 0, 0, 0, 0, 0, 0, 0, 0, 0
5617
0, 0, 0, 0, 0, 0, 0, 0, 0, 0, 0, 0
5618
0, 0, 0, 0, 0, 0, 0, 0, 0, 0, 0, 0
5619
0, 0, 0, 0, 0, 0, 0, 0, 0, 0, 0, 0
5620
0, 0, 0, 0, 0, 0, 0, 0, 0, 0, 0, 0
5621
0, 0, 0, 0, 0, 0, 0, 0, 0, 0, 0, 0
5622
0, 0, 0, 0, 0, 0, 0, 0, 0, 0, 0, 0
5623
0, 0, 0, 0, 0, 0, 0, 0, 0, 0, 0, 0
5624
0, 0, 0, 0, 0, 0, 0, 0, 0, 0, 0, 0
5625
0, 0, 0, 0, 0, 0, 0, 0, 0, 0, 0, 0
5626
0, 0, 0, 0, 0, 0, 0, 0, 0, 0, 0, 0
5627
0, 0, 0, 0, 0, 0, 0, 0, 0, 0, 0, 0
5628
0, 0, 0, 0, 3, 0, 0, 0, 0, 0, 0, 0
5629
0, 0, 0, 0, 4, 0, 0, 0, 0, 0, 0, 0
5630
0, 0, 0, 0, 5, 0, 0, 0, 0, 0, 0, 0
5631
0, 0, 0, 0, 7, 0, 0, 0, 0, 0, 0, 0
5632
0, 0, 0, 0, 8, 0, 0, 0, 0, 0, 0, 0
5633
0, 0, 0, 0, 11, 0, 0, 0, 0, 0, 0, 0
5634
0, 0, 0, 0, 15, 0, 0, 0, 0, 0, 0, 0
5635
0, 0, 0, 0, 3, 0, 0, 0, 0, 0, 0, 0
5636
0, 0, 0, 0, 15, 0, 0, 0, 0, 0, 0, 0
5637
0, 0, 0, 0, 5, 0, 0, 0, 0, 0, 0, 0
5638
4, 6, -4, 0, 0, 2, 3, 1, 0, 0, 7, 0
5639
0, 0, 0, 0, 8, 0, 0, 0, 0, 0, 0, 0
5640
0, 0, 0, 0, 11, 0, 0, 0, 0, 0, 0, 0
5641
0, 0, 0, 0, 15, 0, 0, 0, 0, 0, 0, 0
5642
0, 0, 0, 0, 5, 0, 0, 0, 0, 0, 0, 0
5643
0, 0, 0, 0, 8, 0, 0, 0, 0, 0, 0, 0
5644
0, 0, 0, 0, 12, 0, 0, 0, 0, 0, 0, 0
5645
0, 0, 0, 0, 17, 0, 0, 0, 0, 0, 0, 0
5646
0, 0, 0, 0, 24, 0, 0, 0, 0, 0, 0, 0
5647
0, 0, 0, 0, 38, 0, 0, 0, 0, 0, 0, 0
5648
0, 0, 0, 0, 5, 0, 0, 0, 0, 0, 0, 0
5649
0, 0, 0, 0, 8, 0, 0, 0, 0, 0, 0, 0
5650
0, 0, 0, 0, 12, 0, 0, 0, 0, 0, 0, 0
5651
0, 0, 0, 0, 17, 0, 0, 0, 0, 0, 0, 0
5652
0, 0, 0, 0, 24, 0, 0, 0, 0, 0, 0, 0
5653
0, 0, 0, 0, 38, 0, 0, 0, 0, 0, 0, 0
5654
0, 0, 0, 0, 4, 0, 0, 0, 0, 0, 0, 0
5655
0, 0, 0, 0, 5, 0, 0, 0, 0, 0, 0, 0
5656
0, 0, 0, 0, 8, 0, 0, 0, 0, 0, 0, 0
5657
0, 0, 0, 0, 11, 0, 0, 0, 0, 0, 0, 0
5658
0, 0, 0, 0, 10, 0, 0, 0, 0, 0, 0, 0
5659
0, 0, 0, 0, 15, 0, 0, 0, 0, 0, 0, 0
5660
0, 0, 0, 0, 25, 0, 0, 0, 0, 0, 0, 0
5661
0, 0, 0, 0, 4, 0, 0, 0, 0, 0, 0, 0
5662
0, 0, 0, 0, 5, 0, 0, 0, 0, 0, 0, 0
5663
0, 0, 0, 0, 8, 0, 0, 0, 0, 0, 0, 0
5664
0, 0, 0, 0, 11, 0, 0, 0, 0, 0, 0, 0
5665
0, 0, 0, 0, 10, 0, 0, 0, 0, 0, 0, 0
5666
0, 0, 0, 0, 15, 0, 0, 0, 0, 0, 0, 0
5667
0, 0, 0, 0, 25, 0, 0, 0, 0, 0, 0, 0
5680
4, 6, -4, 0, 0, 2, 3, 1, 0, 0, 7, 0
5698
40, 25, -4, 1, 0, 0, 0, 0, 1, 0, 40, 0
5730
55, 55, 55, 0, 0, 5, 5, 5, 5, 5, 60, 0
6106
0, 0, 0, 2, 0, 0, 0, 0, 2, 0, 0, 0
6107
0, 0, 0, 5, 0, 0, 0, 0, 5, 0, 0, 0
6108
0, 0, 0, 4, 0, 0, 0, 0, 4, 0, 0, 0
6109
0, 0, 0, 3, 0, 0, 0, 0, 3, 0, 0, 0
6110
0, 0, 0, 2, 0, 0, 0, 0, 2, 0, 0, 0
6111
0, 0, 0, 5, 0, 0, 0, 0, 5, 0, 0, 0
6128
0, 0, 0, -6, -2, 30, 32, 27, -1, 30, 0, 0
6129
0, 0, 0, -30, -10, 82, 80, 72, -6, 80, 0, 0
6130
0, 0, 0, -21, -7, 51, 49, 47, -4, 49, 0, 0
6131
0, -6, -6, -6, 6, 6, 6, -6, 6, 0, 0, 0
6133
0, 0, 0, -15, 15, 40, 32, 45, 20, 40, 0, 0
6135
0, 0, 0, 10, 8, 22, 16, 24, 8, 22, 0, 0
6137
0, 0, 0, 2, -2, 10, 9, 11, 3, 0, 0, 0
6139
0, 0, 0, 8, -10, 35, 25, 42, 15, 0, 0, 0
6141
0, 6, -7, 22, 20, 24, 10, 0, 0, 0, 0, 0
6142
0, 0, 0, 6, -7, 22, 20, 24, 10, 0, 0, 0
6143
0, 0, 0, 0, 0, 1, 1, 0, 0, 0, 0, 0
6145
0, 0, 0, 0, 0, 0, 1, 1, 0, 0, 0, 0
6147
0, 0, 0, 0, 0, 1, 1, 0, 0, 0, 0, 0
6149
0, 0, 0, 0, 0, 0, 0, 0, 1, 2, 0, 0
6151
0, 0, 0, 0, 0, 0, 0, 0, 0, 1, 2, 0
6153
0, 0, 0, 0, 0, 0, 0, 0, 1, 2, 0, 0
6235
0, 0, 0, 3, -7, 10, 10, 15, 5, 0, 0, 5
6322
0, 0, 0, -5, 12, 25, 38, 32, 15, 35, 0, 0
6324
0, 0, 0, -5, 6, 8, 8, 10, 4, 10, 0, 0
6326
0, 0, 0, -5, 4, 2, 4, 4, 2, 2, 0, 0
6328
0, 0, 0, -10, 3, 1, 1, 2, 1, 0, 0, 0
6330
0, 0, 0, -5, 6, 2, 2, 2, 1, 0, 0, 0
6522
0, 0, 0, 0, 69, 0, 0, 0, 0, 0, 0, 0
6523
47, 38, -2, 0, 0, 2, 3, 0, 0, 0, 49, 0
6524
0, 0, 0, -12, -8, 40, 42, 38, 0, 65, 5, 0
6525
16, 48, 0, 0, 0, 0, 0, 0, 0, 0, 39, 0
6526
15, -1, 55, 15, 0, 10, 15, 5, 15, 0, 55, 0
6527
-4, -4, 62, 0, 0, 0, 0, 0, 0, 0, 56, 0
6528
0, 0, 80, -4, 0, 0, 0, 0, 0, 0, 85, 0
6568
0, 0, 0, 0, 0, 9, 9, 9, 9, 9, 0, 0
6570
1, 1, 1, 1, 1, 11, 11, 11, 11, 11, 4, 2
6585
10, 10, 10, 10, 10, 15, 15, 15, 15, 15, 8, 5
6587
0, 0, 0, 0, 0, 0, 0, 0, 0, 0, 0, 1
6589
-2, 20, 15, 0, 0, 0, 0, 0, 0, -1, 24, 1
6591
10, 5, -4, 1, 0, 0, 0, 0, 1, 0, 7, 1
6599
19, 25, 0, -4, 0, -1, 2, 3, 0, 0, 20, 1
6600
19, 25, 0, -4, 0, -1, 2, 3, 0, 0, 0, 0
6601
8, -2, 16, 0, 0, 0, 0, 0, 0, 0, 13, 1
6605
14, 10, -2, 0, 0, 0, 2, 1, 0, 0, 12, 1
6607
13, 18, -2, 0, 0, 0, 3, 2, 0, 0, 16, 1
6609
-4, 27, 21, -4, 0, 0, 0, 0, 0, -1, 26, 1
6611
4, 19, -2, 0, 0, 0, 1, 0, 0, 0, 14, 1
6613
-4, -4, 22, -4, 0, 0, 0, 0, 0, 0, 19, 1
6615
0, 0, 0, -15, 0, 22, 32, 39, -3, 24, 0, 1
6617
0, 0, 0, -30, -10, 41, 40, 30, -6, 40, 0, 1
6619
0, 0, 0, -3, -1, 7, 8, 9, 0, 0, 0, 1
6621
0, 0, 0, 0, 0, 0, 0, 0, 0, 0, 0, 1
6623
0, 0, 0, -6, -2, 12, 13, 10, -1, 12, 0, 1
6625
0, 0, 0, -21, -7, 21, 20, 19, -4, 20, 0, 1
6627
0, 0, 0, 0, 0, 0, 0, 0, 0, 0, 0, 1
6629
0, 0, 0, 0, 0, 0, 1, 2, 0, 0, 0, 1
6631
0, 0, 0, 0, 0, 0, 0, 0, 0, 0, 0, 1
6633
0, 0, 0, -8, -2, 17, 19, 18, -1, 18, 0, 1
6720
0, 0, 0, 0, 0, 4, 5, 3, 0, 0, 0, 0
6724
0, 0, 0, 0, 69, 0, 0, 0, 0, 0, 0, 0
6731
0, 0, 0, 4, 0, 0, 0, 0, 4, 0, 0, 0
6733
0, 0, 0, 0, 4, 0, 0, 0, 0, 4, 0, 0
6735
0, 4, 0, 0, 0, 0, 4, 0, 0, 0, 0, 0
6737
0, 0, 0, 0, 0, 0, 0, 4, 0, 0, 4, 0
6739
-2, 38, 32, 0, 0, 0, 1, 0, 0, 0, 42, 0
6745
9, 14, -2, 0, 0, 0, 3, 2, 1, 0, 12, 0
6746
10, 16, -2, 0, 0, 0, 3, 2, 2, 0, 13, 0
6760
0, 0, 11, 0, 0, 0, 0, 0, 0, 0, 14, 0
6762
0, 0, 11, 0, 0, 0, 0, 0, 0, 0, 14, 0
6809
0, 0, 0, -31, -18, 43, 45, 41, -4, 68, 0, 0
6889
0, 0, 0, 15, 0, 0, 0, 0, 15, 0, 0, 0
6893
0, 0, 0, 1, 1, 0, 0, 0, 0, 0, 0, 0
6894
0, 0, 0, -8, -2, 21, 31, 29, -1, 29, 0, 0
6895
0, 0, 0, -3, -1, 14, 15, 13, -1, 14, 0, 0
6897
38, 47, -2, 0, 0, 0, 0, 0, 0, 0, 0, 0
6910
0, 0, 0, 10, 0, 0, 0, 0, 10, 0, 0, 0
6914
0, 0, 0, 20, 0, 0, 0, 0, 20, 0, 0, 0
6916
0, 0, 0, 22, 0, 0, 0, 22, 0, 0, 0, 0
6918
0, 0, 0, 6, 0, 0, 0, 0, 6, 0, 0, 0
6920
0, 0, 0, 5, 0, 0, 0, 0, 5, 0, 0, 0
6922
0, 0, 5, 0, 0, 0, 5, 0, 0, 0, 0, 0
6924
0, 0, 0, 17, 0, 0, 0, 0, 17, 0, 0, 0
7158
-4, 92, 80, -4, 0, 0, 0, 0, 0, -1, 93, 0
7332
0, 0, 0, -8, -2, 17, 19, 18, -1, 18, 0, 0
7334
0, 0, 0, -8, -2, 21, 31, 29, -1, 29, 0, 0
7336
0, 0, 0, -8, -2, 44, 48, 46, -1, 46, 0, 0
7338
0, 0, 0, -8, -2, 17, 19, 18, -1, 18, 0, 0
7340
0, 0, 0, -8, -2, 21, 31, 29, -1, 29, 0, 0
7342
0, 0, 0, -8, -2, 44, 48, 46, -1, 46, 0, 0
7344
0, 0, 0, -8, -2, 17, 19, 18, -1, 18, 0, 0
7346
0, 0, 0, -8, -2, 21, 31, 29, -1, 29, 0, 0
7348
0, 0, 0, -8, -2, 44, 48, 46, -1, 46, 0, 0
7350
0, 0, 0, -8, -2, 17, 19, 18, -1, 18, 0, 0
7352
0, 0, 0, -8, -2, 21, 31, 29, -1, 29, 0, 0
7354
0, 0, 0, -8, -2, 44, 48, 46, -1, 46, 0, 0
7356
0, 0, 0, -8, -2, 17, 19, 18, -1, 18, 0, 0
7358
0, 0, 0, -8, -2, 21, 31, 29, -1, 29, 0, 0
7360
0, 0, 0, -8, -2, -44, -48, 46, -1, 46, 0, 0
7362
0, 0, 0, -4, 8, 18, 25, 22, 8, 25, 0, 0
7363
0, 0, 0, 0, 0, -4, 8, 18, 25, 22, 8, 25
7364
0, 0, 0, -4, 8, 18, 25, 22, 8, 25, 0, 0
7365
0, 0, 0, 0, 0, -4, 8, 18, 25, 22, 8, 25
7366
0, 0, 0, -4, 8, 18, 25, 22, 8, 25, 0, 0
7367
0, 0, 0, 0, 0, -4, 8, 18, 25, 22, 8, 25
7368
0, 0, 0, -4, 8, 18, 25, 22, 8, 25, 0, 0
7370
0, 0, 0, -15, 15, 40, 32, 45, 20, 40, 0, 0
7372
0, 0, 0, -15, 15, 40, 32, 45, 20, 40, 0, 0
7374
0, 0, 0, -15, 20, 45, 37, 50, 30, 45, 0, 0
7376
0, 0, 0, -15, 20, 45, 37, 50, 30, 45, 0, 0
7378
0, 0, 0, -10, 8, 22, 16, 24, 8, 22, 0, 0
7380
0, 0, 0, -10, 8, 22, 16, 24, 8, 22, 0, 0
7382
0, 0, 0, -10, 11, 25, 19, 27, 14, 25, 0, 0
7384
0, 0, 0, -10, 11, 25, 19, 27, 14, 25, 0, 0
7390
0, 0, 0, 3, 0, 0, 0, 0, 3, 0, 0, 0
7392
0, 0, 0, 3, 0, 0, 0, 0, 3, 0, 0, 0
7394
0, 0, 0, 2, 0, 0, 0, 0, 2, 0, 0, 0
7396
0, 0, 0, 2, 0, 0, 0, 0, 2, 0, 0, 0
7398
0, 0, 0, 15, 0, 0, 0, 0, 15, 0, 0, 0
7399
0, 0, 0, 20, 0, 0, 0, 0, 20, 0, 0, 0
7400
0, 0, 0, 4, 0, 0, 0, 0, 4, 0, 0, 0
7410
7, 9, -5, 1, 0, 0, 1, 0, 1, 0, 1, 0
7453
2, 2, 2, 1, 2, 2, 2, 2, 1, 2, 2, 0
7454
3, 3, 3, 2, 3, 3, 3, 3, 2, 3, 3, 0
7455
4, 4, 4, 2, 4, 4, 4, 4, 2, 4, 4, 0
7456
5, 5, 5, 3, 5, 5, 5, 5, 3, 5, 5, 0
7457
6, 6, 6, 3, 6, 6, 6, 6, 3, 6, 6, 0
7458
7, 7, 7, 4, 7, 7, 7, 7, 4, 7, 7, 0
7459
8, 8, 8, 5, 8, 8, 8, 8, 5, 8, 8, 0
7460
9, 9, 9, 5, 9, 9, 9, 9, 5, 9, 9, 0
7461
12, 12, 12, 6, 12, 12, 12, 12, 6, 12, 12, 0
7462
12, 12, 12, 6, 12, 12, 12, 12, 6, 12, 12, 0
7539
0, 0, 0, -3, -1, 4, 5, 3, -1, 0, 0, 0
7639
0, -1, 7, 4, 0, 2, 3, 1, 4, 0, 3, 0
7640
0, -1, 7, 4, 0, 2, 3, 1, 4, 0, 3, 0
7641
0, -1, 7, 4, 0, 2, 3, 1, 4, 0, 3, 0
7642
0, -1, 7, 4, 0, 2, 3, 1, 4, 0, 3, 0
7643
0, -1, 7, 4, 0, 2, 3, 1, 4, 0, 3, 0
7644
0, -1, 7, 4, 0, 2, 3, 1, 4, 0, 3, 0
7645
0, -1, 7, 4, 0, 2, 3, 1, 4, 0, 3, 0
7646
0, -1, 7, 4, 0, 2, 3, 1, 4, 0, 3, 0
7647
0, -1, 7, 4, 0, 2, 3, 1, 4, 0, 3, 0
7648
0, -1, 7, 4, 0, 2, 3, 1, 4, 0, 3, 0
7668
-4, -4, 35, -4, 0, 0, 0, 0, 0, 0, 35, 0
7806
20, 20, 20, 0, 0, 0, 2, 1, 0, 0, 5, 0
7807
20, 20, 20, 0, 0, 0, 0, 0, 0, -1, 13, 0
7808
20, 20, 20, 0, 0, 0, 0, 0, 0, 0, 5, 0
7809
20, 20, 20, 0, 0, 1, 1, 0, 0, 0, 6, 0
7874
0, 82, 60, 0, 0, 0, 0, 0, 0, 0, 82, 0
8844
3, 2, 1, -3, -2, 3, 2, 1, -3, -2, 0, 0
8845
5, 4, 3, -3, -3, 5, 4, 3, -3, -3, 0, 0
8846
7, 6, 5, -3, -2, 7, 6, 5, -3, -2, 1, 0
8847
9, 8, 7, -3, -2, 9, 8, 7, -3, -2, 2, 0
8848
10, 9, 8, -3, -2, 10, 9, 8, -3, -2, 3, 0
8849
13, 12, 11, -3, -2, 13, 12, 11, -3, -2, 4, 0
8850
20, 19, 18, -3, -2, 20, 19, 18, -3, -2, 5, 0
9140
0, 0, 0, 0, 0, 0, 0, 0, 0, 0, 0, 0
9141
0, 0, 0, 0, 0, 0, 0, 0, 0, 0, 0, 0
9142
0, 0, 0, 0, 0, 0, 0, 0, 0, 0, 0, 0
9143
0, 0, 0, 0, 0, 0, 0, 0, 0, 0, 0, 0
9144
0, 0, 0, 0, 0, 0, 0, 0, 0, 0, 0, 0
9174
0, 0, 0, 0, 18, 0, 0, 0, 0, 0, 0, 0
9175
0, 0, 0, 0, 30, 0, 0, 0, 0, 0, 0, 0
9177
0, 0, 0, 0, 42, 0, 0, 0, 0, 0, 0, 0
9179
0, 0, 0, 0, 54, 0, 0, 0, 0, 0, 0, 0
9181
0, 0, 0, 0, 66, 0, 0, 0, 0, 0, 0, 0
9183
0, 0, 0, 0, 78, 0, 0, 0, 0, 0, 0, 0
9185
0, 0, 0, 0, 90, 0, 0, 0, 0, 0, 0, 0
9236
0, 0, 0, 0, 0, 0, 0, 0, 0, 0, 0, 0
9238
0, 0, 0, 0, 0, 0, 0, 0, 0, 0, 0, 0
9239
0, 0, 0, 0, 0, 0, 0, 0, 0, 0, 0, 0
9240
0, 0, 0, 0, 0, 0, 0, 0, 0, 0, 0, 0
9241
0, 0, 0, 0, 0, 0, 0, 0, 0, 0, 0, 0
9242
0, 0, 0, 0, 0, 0, 0, 0, 0, 0, 0, 0
9243
0, 0, 0, 0, 0, 0, 0, 0, 0, 0, 0, 0
9244
0, 0, 0, 0, 0, 0, 0, 0, 0, 0, 0, 0
9245
0, 0, 0, 0, 0, 0, 0, 0, 0, 0, 0, 0
9336
0, 0, 0, 0, 0, 0, 0, 0, 0, 0, 0, 0
9337
0, 0, 0, 0, 0, 0, 0, 0, 0, 0, 0, 0
9338
0, 0, 0, 0, 0, 0, 0, 0, 0, 0, 0, 0
9339
0, 0, 0, 0, 0, 0, 0, 0, 0, 0, 0, 0
9340
0, 0, 0, 0, 0, 0, 0, 0, 0, 0, 0, 0
9341
0, 0, 0, 0, 0, 0, 0, 0, 0, 0, 0, 0
9342
0, 0, 0, 0, 0, 0, 0, 0, 0, 0, 0, 0
9703
4, 5, -2, 0, 0, 0, 3, 2, 1, 0, 7, 0
9704
0, 0, 0, 0, 0, 4, 5, 3, 1, 4, 0, 0
9705
0, 0, 0, 0, 8, 0, 0, 0, 0, 0, 0, 0
9706
0, 0, 0, 0, 0, 0, 0, 0, 0, 0, 0, 0
9747
0, 0, 0, 0, 0, 9, 9, 9, 9, 9, 0, 0
9748
0, 0, 0, 0, 0, 9, 9, 9, 9, 9, 0, 4
9749
0, 0, 0, 0, 0, 0, 0, 0, 0, 0, 0, 0
9750
0, 0, 0, 0, 0, 9, 9, 9, 9, 9, 0, 0
9751
0, 0, 0, 0, 0, 9, 9, 9, 9, 9, 0, 4
9752
0, 0, 0, 0, 0, 0, 0, 0, 0, 0, 0, 0
9753
0, 0, 0, 0, 0, 9, 9, 9, 9, 9, 0, 0
9754
0, 0, 0, 0, 0, 9, 9, 9, 9, 9, 0, 4
9755
0, 0, 0, 0, 0, 0, 0, 0, 0, 0, 0, 0
9756
0, 0, 0, 0, 0, 9, 9, 9, 9, 9, 0, 0
9757
0, 0, 0, 0, 0, 9, 9, 9, 9, 9, 0, 4
9758
0, 0, 0, 0, 0, 0, 0, 0, 0, 0, 0, 0
9759
0, 0, 0, 0, 0, 9, 9, 9, 9, 9, 0, 0
9760
0, 0, 0, 0, 0, 9, 9, 9, 9, 9, 0, 4
9761
0, 0, 0, 0, 0, 0, 0, 0, 0, 0, 0, 0
9762
0, 0, 0, 0, 0, 9, 9, 9, 9, 9, 0, 0
9763
0, 0, 0, 0, 0, 9, 9, 9, 9, 9, 0, 4
9764
0, 0, 0, 0, 0, 0, 0, 0, 0, 0, 0, 0
9765
0, 0, 0, 0, 0, 9, 9, 9, 9, 9, 0, 0
9766
0, 0, 0, 0, 0, 9, 9, 9, 9, 9, 0, 4
9767
0, 0, 0, 0, 0, 0, 0, 0, 0, 0, 0, 0
9768
0, 0, 0, 0, 0, 9, 9, 9, 9, 9, 0, 0
9769
0, 0, 0, 0, 0, 9, 9, 9, 9, 9, 0, 4
9770
0, 0, 0, 0, 0, 0, 0, 0, 0, 0, 0, 0
9771
0, 0, 0, 0, 0, 9, 9, 9, 9, 9, 0, 0
9772
0, 0, 0, 0, 0, 9, 9, 9, 9, 9, 0, 4
9773
0, 0, 0, 0, 0, 0, 0, 0, 0, 0, 0, 0
9774
0, 0, 0, 0, 0, 9, 9, 9, 9, 9, 0, 0
9775
0, 0, 0, 0, 0, 9, 9, 9, 9, 9, 0, 4
9776
0, 0, 0, 0, 0, 0, 0, 0, 0, 0, 0, 0
9777
0, 0, 0, 0, 0, 9, 9, 9, 9, 9, 0, 0
9778
0, 0, 0, 0, 0, 9, 9, 9, 9, 9, 0, 4
9779
0, 0, 0, 0, 0, 0, 0, 0, 0, 0, 0, 0
9780
0, 0, 0, 0, 0, 9, 9, 9, 9, 9, 0, 0
9781
0, 0, 0, 0, 0, 9, 9, 9, 9, 9, 0, 4
9782
0, 0, 0, 0, 0, 0, 0, 0, 0, 0, 0, 0
9783
0, 0, 0, 0, 0, 9, 9, 9, 9, 9, 0, 0
9784
0, 0, 0, 0, 0, 9, 9, 9, 9, 9, 0, 4
9785
0, 0, 0, 0, 0, 0, 0, 0, 0, 0, 0, 0
9786
0, 0, 0, 0, 0, 9, 9, 9, 9, 9, 0, 0
9787
0, 0, 0, 0, 0, 9, 9, 9, 9, 9, 0, 4
9788
0, 0, 0, 0, 0, 0, 0, 0, 0, 0, 0, 0
9789
0, 0, 0, 0, 0, 9, 9, 9, 9, 9, 0, 0
9790
0, 0, 0, 0, 0, 9, 9, 9, 9, 9, 0, 4
9791
0, 0, 0, 0, 0, 0, 0, 0, 0, 0, 0, 0
9792
0, 0, 0, 0, 0, 9, 9, 9, 9, 9, 0, 0
9793
0, 0, 0, 0, 0, 9, 9, 9, 9, 9, 0, 4
9794
0, 0, 0, 0, 0, 0, 0, 0, 0, 0, 0, 0
9795
0, 0, 0, 0, 0, 9, 9, 9, 9, 9, 0, 0
9796
0, 0, 0, 0, 0, 9, 9, 9, 9, 9, 0, 4
9797
0, 0, 0, 0, 0, 0, 0, 0, 0, 0, 0, 0
9798
0, 0, 0, 0, 0, 9, 9, 9, 9, 9, 0, 0
9799
0, 0, 0, 0, 0, 9, 9, 9, 9, 9, 0, 4
9800
0, 0, 0, 0, 0, 0, 0, 0, 0, 0, 0, 0
9801
0, 0, 0, 0, 0, 9, 9, 9, 9, 9, 0, 0
9802
0, 0, 0, 0, 0, 9, 9, 9, 9, 9, 0, 4
9803
0, 0, 0, 0, 0, 0, 0, 0, 0, 0, 0, 0
9804
0, 0, 0, 0, 0, 9, 9, 9, 9, 9, 0, 0
9805
0, 0, 0, 0, 0, 9, 9, 9, 9, 9, 0, 4
9806
0, 0, 0, 0, 0, 0, 0, 0, 0, 0, 0, 0
9807
0, 0, 0, 0, 0, 9, 9, 9, 9, 9, 0, 0
9808
0, 0, 0, 0, 0, 9, 9, 9, 9, 9, 0, 4
9809
0, 0, 0, 0, 0, 0, 0, 0, 0, 0, 0, 0
9810
0, 0, 0, 0, 0, 9, 9, 9, 9, 9, 0, 0
9811
0, 0, 0, 0, 0, 9, 9, 9, 9, 9, 0, 4
9812
0, 0, 0, 0, 0, 0, 0, 0, 0, 0, 0, 0
9813
0, 0, 0, 0, 0, 9, 9, 9, 9, 9, 0, 4
9814
0, 0, 0, 0, 0, 0, 0, 0, 0, 0, 0, 0
9948
0, 0, 0, 0, 0, 9, 9, 9, 9, 9, 0, 0
9949
0, 0, 0, 0, 0, 9, 9, 9, 9, 9, 0, 4
9950
0, 0, 0, 0, 0, 0, 0, 0, 0, 0, 0, 0
10498
0, 0, 0, 0, 2, 0, 0, 0, 2, 0, 0, 0
10499
0, 0, 0, 0, 4, 0, 1, 0, 4, 0, 0, 0
10551
0, 0, 0, -30, 0, 66, 85, 62, -6, 67, 4, 0
10828
0, 0, 0, 0, 0, 31, 29, 34, 3, 30, 3, 3
11212
0, 0, 0, 0, 0, 0, 0, 0, 0, 0, 0, 0
11235
0, 0, 0, 0, 95, 0, 0, 0, 0, 0, 0, 0
11694
0, 132, 80, 0, 0, 0, 0, 0, 0, 0, 132, 8
11696
0, 132, 80, 0, 0, 0, 0, 0, 0, 0, 132, 8
11698
0, 132, 80, 0, 0, 0, 0, 0, 0, 0, 132, 8
11700
0, 132, 80, 0, 0, 0, 0, 0, 0, 0, 132, 8
11724
0, 0, 0, -15, -10, 98, 93, 105, -6, 133, 4, 1
11726
0, 0, 0, -21, -7, 71, 63, 66, -4, 93, 2, 1
11728
0, 0, 0, -5, -3, 17, 18, 19, 0, 0, 0, 1
11732
0, 0, 0, -3, -1, 16, 17, 18, 0, 0, 4, 0
